318
54
198
54
180
198
54
78
54
80
156
87
87
66
66
54
266
180
1454
1454
1454
1240
54
147
54
54
54
198
216
54
54
147
216
198
248
198
248
198
316
232
198
216
216
216
198
248
216
216
216
232
232
54
54
225
123
54
141
180
92
1015
54
54
54
54
54
54
54
54
54
54
54
54
54
54
54
54
744
178
142
278
54
248
212
216
216
216
232
216
92
54
54
198
244
142
146
142
54
54
54
54
54
54
54
54
54
296
216
196
54
228
142
146
142
54
248
198
54
54
1015
248
248
212
216
54
54
198
304
92
54
54
196
278
54
232
54
54
130
142
54
54
54
54
162
142
54
232
212
54
54
198
54
198
54
130
142
54
198
216
232
198
196
348
54
198
54
54
196
198
54
54
180
198
54
216
456
232
216
212
54
216
54
54
446
162
142
54
198
216
54
54
196
54
216
54
216
360
54
54
54
54
54
228
142
54
248
232
54
54
178
244
142
54
248
312
54
54
260
130
142
54
232
216
198
196
54
54
54
80
80
156
196
198
216
216
54
212
216
196
196
54
232
54
54
54
54
54
54
180
54
54
54
54
66
146
1404
1404
1404
1404
54
1404
1404
340
1404
54
216
66
1404
1404
1404
1404
54
66
54
1404
1404
54
1454
523
1404
1404
54
1402
216
54
54
260
198
248
66
54
1454
523
153
769
54
54
54
232
153
769
54
54
196
198
1454
1454
1454
1454
847
180
54
440
182
128
146
539
1454
1454
1454
1454
1454
1454
640
196
248
324
142
114
54
142
54
54
54
1454
1454
1454
1454
54
847
128
196
157
198
116
85
296
54
85
54
54
54
536
198
216
54
342
216
54
54
54
54
162
142
54
196
216
54
54
54
54
494
212
54
198
216
157
116
196
54
216
335
264
216
54
54
54
54
54
212
54
54
212
142
54
232
54
54
146
142
54
198
198
54
196
54
54
195
208
196
212
54
142
248
740
142
54
216
344
264
264
89
348
54
54
54
162
142
54
216
54
196
294
54
216
54
54
232
146
142
54
54
198
216
196
54
146
142
54
54
54
172
1454
1454
1454
503
42
42
54
153
54
54
87
87
66
80
80
156
66
54
266
196
1454
1454
1454
1240
54
147
180
54
54
54
198
225
141
179
1012
123
92
54
54
92
54
54
304
92
54
54
54
54
54
54
54
296
324
54
198
54
180
198
54
243
80
156
180
54
198
198
198
198
198
198
198
198
198
198
198
198
198
198
198
198
232
232
232
232
232
232
216
198
232
232
814
178
142
54
216
216
248
198
232
232
54
54
54
54
54
54
54
54
54
54
54
54
54
54
54
54
232
232
232
198
196
228
54
198
216
216
54
54
54
364
54
216
232
216
216
216
232
198
196
216
198
216
198
54
54
54
54
196
66
198
198
54
54
54
1050
260
66
66
54
348
66
658
66
364
66
54
54
54
380
66
54
1140
66
54
54
600
66
54
250
54
216
198
198
198
198
198
216
248
216
232
216
216
216
216
872
216
198
198
212
146
142
244
54
216
216
142
212
142
54
248
248
54
54
54
54
54
54
54
54
54
54
54
198
598
216
216
216
146
142
54
198
212
142
54
216
54
54
244
198
196
146
54
142
54
198
178
142
54
216
54
54
54
54
146
142
54
216
54
54
146
142
54
216
146
142
54
198
54
460
207
74
198
54
196
198
54
87
87
66
66
54
266
80
80
156
180
1454
1454
1454
1240
54
147
54
54
54
225
123
54
141
92
179
1014
54
54
92
54
304
92
54
54
54
54
86
86
113
98
74
74
74
74
74
182
54
180
182
54
80
180
80
156
54
179
297
319
54
182
54
180
182
54
179
87
87
66
66
54
266
180
1454
1454
54
1454
1240
54
147
80
54
54
54
80
156
225
141
179
1012
123
92
54
54
92
66
66
54
1175
304
92
54
54
66
54
54
54
179
182
42
42
54
180
182
54
1398
216
54
179
180
54
80
80
80
80
96
156
96
80
232
180
440
182
54
54
324
246
54
54
54
276
142
54
198
54
182
54
180
198
179
54
